  0   0   0   0   0   0   0   0   0   0   0   0   0   0   0   0
  0   0   0   0   0   0   0   0   0   0   0   0   0   0   0   0
  0   0  56 120 120 120 120 120 120 120 120 120 120  56   0   0
  0   0 120 255 255 255 255 255 255 255 255 255 255 120   0   0
  0   0  85 182 203 255 255 255 255 255 255 203 182  85   0   0
  0   0   0   0  73 255 255 255 255 255 255  73   0   0   0   0
  0   0  26  56 113 255 255 255 255 255 255 113  56  26   0   0
  0   0 120 255 255 255 255 255 255 255 255 255 255 120   0   0
  0   0 120 255 255 255 255 255 255 255 255 255 255 120   0   0
  0   0  26  56  56  56 100 255 255 255 255 255 255 120   0   0
  0   0   0   0   0   0  56 255 255 255 255 255 255 120   0   0
  0   0  85 182 129   0  56 255 255 113  73 203 255 120   0   0
  0   0 120 255 182   0  56 255 255  56   0 182 255 120   0   0
  0   0  56 120  85   0  26 120 120  26   0  85 120  56   0   0
  0   0   0   0   0   0   0   0   0   0   0   0   0   0   0   0
  0   0   0   0   0   0   0   0   0   0   0   0   0   0   0   0
  0   0   0   0   0   0   0   0   0   0   0   0   0   0   0   0
  0   0   0   0   0   0   0   0   0   0   0   0   0   0   0   0
  0   0  56 120 120 120 120 120 120 120 120 120 120  56   0   0
  0   0 120 255 255 255 255 255 255 255 255 255 255 120   0   0
  0   0  85 182 203 255 255 255 255 255 255 203 182  85   0   0
  0   0   0   0  73 255 255 255 255 255 255  73   0   0   0   0
  0   0  26  56 113 255 255 255 255 255 255 113  56  26   0   0
  0   0 120 255 255 255 255 255 255 255 255 255 255 120   0   0
  0   0 120 255 255 255 255 255 255 255 255 255 255 120   0   0
  0   0  26  56  56  56 100 255 255 255 255 255 255 120   0   0
  0   0   0   0   0   0  56 255 255 255 255 255 255 120   0   0
  0   0  85 182 129   0  56 255 255 113  73 203 255 120   0   0
  0   0 120 255 182   0  56 255 255  56   0 182 255 120   0   0
  0   0  56 120  85   0  26 120 120  26   0  85 120  56   0   0
  0   0   0   0   0   0   0   0   0   0   0   0   0   0   0   0
  0   0   0   0   0   0   0   0   0   0   0   0   0   0   0   0
  0   0   0   0   0   0   0   0   0   0   0   0   0   0   0   0
  0   0   0   0   0   0   0   0   0   0   0   0   0   0   0   0
  0   0  56 120 120 120 120 120 120 120 120 120 120  56   0   0
  0   0 120 255 255 255 255 255 255 255 255 255 255 120   0   0
  0   0  85 182 203 255 255 255 255 255 255 203 182  85   0   0
  0   0   0   0  73 255 255 255 255 255 255  73   0   0   0   0
  0   0  26  56 113 255 255 255 255 255 255 113  56  26   0   0
  0   0 120 255 255 255 255 255 255 255 255 255 255 120   0   0
  0   0 120 255 255 255 255 255 255 255 255 255 255 120   0   0
  0   0  26  56  56  56 100 255 255 255 255 255 255 120   0   0
  0   0   0   0   0   0  56 255 255 255 255 255 255 120   0   0
  0   0  85 182 129   0  56 255 255 113  73 203 255 120   0   0
  0   0 120 255 182   0  56 255 255  56   0 182 255 120   0   0
  0   0  56 120  85   0  26 120 120  26   0  85 120  56   0   0
  0   0   0   0   0   0   0   0   0   0   0   0   0   0   0   0
  0   0   0   0   0   0   0   0   0   0   0   0   0   0   0   0

  0   0   0   0   0   0   0   0   0   0   0   0   0   0   0   0
  0   0   0   0   0   0   0   0   0   0   0   0   0   0   0   0
  0   0  56 120  85   0  26 120 120 120 120 120 120  56   0   0
  0   0 120 255 182   0  56 255 255 255 255 255 255 120   0   0
  0   0 120 255 203  73 113 255 255 255 255 203 182  85   0   0
  0   0 120 255 255 255 255 255 255 255 255  73   0   0   0   0
  0   0 120 255 255 255 255 255 255 255 255 113  56  26   0   0
  0   0 120 255 255 255 255 255 255 255 255 255 255 120   0   0
  0   0 120 255 255 255 255 255 255 255 255 255 255 120   0   0
  0   0 120 255 255 255 255 255 255 100  56  56  56  26   0   0
  0   0 120 255 255 255 255 255 255  56   0   0   0   0   0   0
  0   0 120 255 203  73 113 255 255  56   0 129 182  85   0   0
  0   0 120 255 182   0  56 255 255  56   0 182 255 120   0   0
  0   0  56 120  85   0  26 120 120  26   0  85 120  56   0   0
  0   0   0   0   0   0   0   0   0   0   0   0   0   0   0   0
  0   0   0   0   0   0   0   0   0   0   0   0   0   0   0   0
  0   0   0   0   0   0   0   0   0   0   0   0   0   0   0   0
  0   0   0   0   0   0   0   0   0   0   0   0   0   0   0   0
  0   0  56 120  85   0  26 120 120 120 120 120 120  56   0   0
  0   0 120 255 182   0  56 255 255 255 255 255 255 120   0   0
  0   0 120 255 203  73 113 255 255 255 255 203 182  85   0   0
  0   0 120 255 255 255 255 255 255 255 255  73   0   0   0   0
  0   0 120 255 255 255 255 255 255 255 255 113  56  26   0   0
  0   0 120 255 255 255 255 255 255 255 255 255 255 120   0   0
  0   0 120 255 255 255 255 255 255 255 255 255 255 120   0   0
  0   0 120 255 255 255 255 255 255 100  56  56  56  26   0   0
  0   0 120 255 255 255 255 255 255  56   0   0   0   0   0   0
  0   0 120 255 203  73 113 255 255  56   0 129 182  85   0   0
  0   0 120 255 182   0  56 255 255  56   0 182 255 120   0   0
  0   0  56 120  85   0  26 120 120  26   0  85 120  56   0   0
  0   0   0   0   0   0   0   0   0   0   0   0   0   0   0   0
  0   0   0   0   0   0   0   0   0   0   0   0   0   0   0   0
  0   0   0   0   0   0   0   0   0   0   0   0   0   0   0   0
  0   0   0   0   0   0   0   0   0   0   0   0   0   0   0   0
  0   0  56 120  85   0  26 120 120 120 120 120 120  56   0   0
  0   0 120 255 182   0  56 255 255 255 255 255 255 120   0   0
  0   0 120 255 203  73 113 255 255 255 255 203 182  85   0   0
  0   0 120 255 255 255 255 255 255 255 255  73   0   0   0   0
  0   0 120 255 255 255 255 255 255 255 255 113  56  26   0   0
  0   0 120 255 255 255 255 255 255 255 255 255 255 120   0   0
  0   0 120 255 255 255 255 255 255 255 255 255 255 120   0   0
  0   0 120 255 255 255 255 255 255 100  56  56  56  26   0   0
  0   0 120 255 255 255 255 255 255  56   0   0   0   0   0   0
  0   0 120 255 203  73 113 255 255  56   0 129 182  85   0   0
  0   0 120 255 182   0  56 255 255  56   0 182 255 120   0   0
  0   0  56 120  85   0  26 120 120  26   0  85 120  56   0   0
  0   0   0   0   0   0   0   0   0   0   0   0   0   0   0   0
  0   0   0   0   0   0   0   0   0   0   0   0   0   0   0   0

  0   0   0   0   0   0   0   0   0   0   0   0   0   0   0   0
  0   1  13  21  12   0   5  21  21   4   0  12  21  12   1   0
  0  13 103 162  90   0  40 157 156  31   0  95 162  92   9   0
  0  21 162 255 142   0  63 246 245  49   0 150 255 144  14   0
  0  21 162 255 191 113 148 250 245  49   0  83 142  80   8   0
  0  21 162 255 255 255 255 255 245  49   0   0   0   0   0   0
  0  21 162 255 255 255 255 255 247 100  63  63  63  36   3   0
  0  21 162 255 255 255 255 255 254 248 246 246 246 139  14   0
  0  21 156 245 250 255 255 255 255 255 255 249 245 139  14   0
  0   4  31  49 139 255 255 255 255 255 255 133  49  27   2   0
  0   0   0   0 112 255 255 255 255 255 255 104   0   0   0   0
  0  12  95 150 196 255 255 255 255 255 255 193 150  85   8   0
  0  21 162 255 255 255 255 255 255 255 255 255 255 144  14   0
  0  12  92 144 144 144 144 144 144 144 144 144 144  81   8   0
  0   1   9  14  14  14  14  14  14  14  14  14  14   8   0   0
  0   0   0   0   0   0   0   0   0   0   0   0   0   0   0   0
  0   0   0   0   0   0   0   0   0   0   0   0   0   0   0   0
  0   1  13  21  12   0   5  21  21   4   0  12  21  12   1   0
  0  13 103 162  90   0  40 157 156  31   0  95 162  92   9   0
  0  21 162 255 142   0  63 246 245  49   0 150 255 144  14   0
  0  21 162 255 191 113 148 250 245  49   0  83 142  80   8   0
  0  21 162 255 255 255 255 255 245  49   0   0   0   0   0   0
  0  21 162 255 255 255 255 255 247 100  63  63  63  36   3   0
  0  21 162 255 255 255 255 255 254 248 246 246 246 139  14   0
  0  21 156 245 250 255 255 255 255 255 255 249 245 139  14   0
  0   4  31  49 139 255 255 255 255 255 255 133  49  27   2   0
  0   0   0   0 112 255 255 255 255 255 255 104   0   0   0   0
  0  12  95 150 196 255 255 255 255 255 255 193 150  85   8   0
  0  21 162 255 255 255 255 255 255 255 255 255 255 144  14   0
  0  12  92 144 144 144 144 144 144 144 144 144 144  81   8   0
  0   1   9  14  14  14  14  14  14  14  14  14  14   8   0   0
  0   0   0   0   0   0   0   0   0   0   0   0   0   0   0   0
  0   0   0   0   0   0   0   0   0   0   0   0   0   0   0   0
  0   1  13  21  12   0   5  21  21   4   0  12  21  12   1   0
  0  13 103 162  90   0  40 157 156  31   0  95 162  92   9   0
  0  21 162 255 142   0  63 246 245  49   0 150 255 144  14   0
  0  21 162 255 191 113 148 250 245  49   0  83 142  80   8   0
  0  21 162 255 255 255 255 255 245  49   0   0   0   0   0   0
  0  21 162 255 255 255 255 255 247 100  63  63  63  36   3   0
  0  21 162 255 255 255 255 255 254 248 246 246 246 139  14   0
  0  21 156 245 250 255 255 255 255 255 255 249 245 139  14   0
  0   4  31  49 139 255 255 255 255 255 255 133  49  27   2   0
  0   0   0   0 112 255 255 255 255 255 255 104   0   0   0   0
  0  12  95 150 196 255 255 255 255 255 255 193 150  85   8   0
  0  21 162 255 255 255 255 255 255 255 255 255 255 144  14   0
  0  12  92 144 144 144 144 144 144 144 144 144 144  81   8   0
  0   1   9  14  14  14  14  14  14  14  14  14  14   8   0   0
  0   0   0   0   0   0   0   0   0   0   0   0   0   0   0   0

  0   0   0   0   0   0   0   0   0   0   0   0   0   0   0   0
  0   1  10  17   9   0   4  16  16   4   0   9  17  10   1   0
  0  12  93 151  86   0  33 145 145  33   0  86 151  89  10   0
  0  20 157 255 146   0  56 246 246  56   0 146 255 151  17   0
  0  11  90 146  84   0  56 246 250 141 109 192 255 151  17   0
  0   0   0   0   0   0  57 246 255 255 255 255 255 151  17   0
  0   4  35  56  56  57 100 248 255 255 255 255 255 151  17   0
  0  19 151 246 246 246 248 255 255 255 255 255 255 151  17   0
  0  19 151 246 250 255 255 255 255 255 255 255 255 151  17   0
  0   4  35  56 141 255 255 255 255 255 255 255 255 151  17   0
  0   0   0   0 109 255 255 255 255 255 255 255 255 151  17   0
  0  11  90 146 192 255 255 255 250 141 109 192 255 151  17   0
  0  20 157 255 255 255 255 255 246  56   0 146 255 151  17   0
  0  12  96 157 157 157 157 157 151  35   0  90 157  93  10   0
  0   2  12  20  20  20  20  20  19   4   0  11  20  12   1   0
  0   0   0   0   0   0   0   0   0   0   0   0   0   0   0   0
  0   0   0   0   0   0   0   0   0   0   0   0   0   0   0   0
  0   1  10  17   9   0   4  16  16   4   0   9  17  10   1   0
  0  12  93 151  86   0  33 145 145  33   0  86 151  89  10   0
  0  20 157 255 146   0  56 246 246  56   0 146 255 151  17   0
  0  11  90 146  84   0  56 246 250 141 109 192 255 151  17   0
  0   0   0   0   0   0  57 246 255 255 255 255 255 151  17   0
  0   4  35  56  56  57 100 248 255 255 255 255 255 151  17   0
  0  19 151 246 246 246 248 255 255 255 255 255 255 151  17   0
  0  19 151 246 250 255 255 255 255 255 255 255 255 151  17   0
  0   4  35  56 141 255 255 255 255 255 255 255 255 151  17   0
  0   0   0   0 109 255 255 255 255 255 255 255 255 151  17   0
  0  11  90 146 192 255 255 255 250 141 109 192 255 151  17   0
  0  20 157 255 255 255 255 255 246  56   0 146 255 151  17   0
  0  12  96 157 157 157 157 157 151  35   0  90 157  93  10   0
  0   2  12  20  20  20  20  20  19   4   0  11  20  12   1   0
  0   0   0   0   0   0   0   0   0   0   0   0   0   0   0   0
  0   0   0   0   0   0   0   0   0   0   0   0   0   0   0   0
  0   1  10  17   9   0   4  16  16   4   0   9  17  10   1   0
  0  12  93 151  86   0  33 145 145  33   0  86 151  89  10   0
  0  20 157 255 146   0  56 246 246  56   0 146 255 151  17   0
  0  11  90 146  84   0  56 246 250 141 109 192 255 151  17   0
  0   0   0   0   0   0  57 246 255 255 255 255 255 151  17   0
  0   4  35  56  56  57 100 248 255 255 255 255 255 151  17   0
  0  19 151 246 246 246 248 255 255 255 255 255 255 151  17   0
  0  19 151 246 250 255 255 255 255 255 255 255 255 151  17   0
  0   4  35  56 141 255 255 255 255 255 255 255 255 151  17   0
  0   0   0   0 109 255 255 255 255 255 255 255 255 151  17   0
  0  11  90 146 192 255 255 255 250 141 109 192 255 151  17   0
  0  20 157 255 255 255 255 255 246  56   0 146 255 151  17   0
  0  12  96 157 157 157 157 157 151  35   0  90 157  93  10   0
  0   2  12  20  20  20  20  20  19   4   0  11  20  12   1   0
  0   0   0   0   0   0   0   0   0   0   0   0   0   0   0   0
